service_id,date,exception_type
0,20210108,2
0,20210109,2
106,20210108,1
106,20210110,1
106,20210111,1
108,20210112,2
108,20210119,2
108,20210126,2
115,20210109,2
115,20210110,2
115,20210112,2
115,20210113,2
116,20210113,2
116,20210114,2
116,20210116,2
116,20210120,2
116,20210121,2
116,20210123,2
116,20210127,2
116,20210128,2
116,20210130,2
118,20210108,2
118,20210110,2
118,20210112,2
118,20210114,2
118,20210116,2
118,20210118,2
118,20210120,2
118,20210122,2
118,20210124,2
118,20210126,2
118,20210128,2
118,20210130,2
118,20210201,2
118,20210203,2
118,20210205,2
118,20210207,2
118,20210209,2
118,20210211,2
118,20210213,2
118,20210215,2
118,20210217,2
119,20210109,1
119,20210110,1
122,20210110,2
126,20210109,1
127,20210110,2
127,20210112,2
128,20210111,2
128,20210113,2
131,20210109,1
131,20210114,2
131,20210128,2
131,20210204,2
135,20210109,2
135,20210110,2
135,20210111,2
137,20210108,2
140,20210107,1
141,20210110,1
141,20210111,2
142,20210108,2
142,20210110,2
142,20210112,2
142,20210114,2
142,20210116,2
142,20210118,2
142,20210120,2
142,20210122,2
142,20210124,2
142,20210126,2
142,20210128,2
142,20210130,2
142,20210201,2
142,20210203,2
142,20210205,2
142,20210207,2
142,20210209,2
142,20210211,2
142,20210213,2
142,20210215,2
142,20210217,2
142,20210219,2
144,20210111,2
144,20210112,2
145,20210107,1
145,20210109,1
150,20210111,2
150,20210112,2
150,20210113,2
150,20210114,2
153,20210109,2
153,20210111,2
153,20210113,2
153,20210116,2
153,20210118,2
153,20210120,2
153,20210123,2
153,20210125,2
153,20210127,2
153,20210130,2
154,20210211,1
154,20210218,1
156,20210117,1
157,20210112,2
157,20210119,2
157,20210126,2
157,20210207,1
157,20210214,1
159,20210207,2
159,20210214,2
161,20210108,1
161,20210109,1
162,20210115,2
162,20210122,2
162,20210129,2
165,20210113,2
165,20210114,2
167,20210116,2
167,20210123,2
167,20210130,2
169,20210109,2
169,20210111,2
169,20210113,2
169,20210115,2
169,20210117,2
169,20210119,2
169,20210121,2
169,20210123,2
169,20210125,2
169,20210127,2
169,20210129,2
169,20210131,2
169,20210202,2
169,20210204,2
169,20210206,2
169,20210208,2
169,20210210,2
169,20210212,2
169,20210214,2
169,20210216,2
169,20210218,2
176,20210109,2
176,20210110,2
179,20210111,2
184,20210110,1
185,20210112,2
185,20210119,2
185,20210126,2
190,20210123,2
190,20210124,2
190,20210130,2
190,20210131,2
191,20210109,1
192,20210110,2
193,20210120,2
193,20210203,2
194,20210210,1
194,20210217,1
196,20210115,2
196,20210122,2
196,20210129,2
197,20210208,2
197,20210209,2
197,20210210,2
197,20210215,2
197,20210216,2
197,20210217,2
200,20210111,1
200,20210113,2
200,20210114,2
200,20210115,2
200,20210116,2
200,20210117,2
200,20210120,2
200,20210121,2
200,20210122,2
200,20210123,2
200,20210124,2
200,20210127,2
200,20210128,2
200,20210129,2
200,20210130,2
200,20210131,2
203,20210109,2
203,20210110,2
203,20210111,2
204,20210208,2
204,20210209,2
204,20210210,2
206,20210110,1
210,20210110,1
214,20210204,2
214,20210211,2
215,20210118,1
216,20210111,2
216,20210112,2
216,20210113,2
216,20210114,2
216,20210115,2
216,20210117,2
216,20210118,2
216,20210119,2
216,20210120,2
216,20210121,2
216,20210122,2
216,20210124,2
216,20210125,2
216,20210126,2
216,20210127,2
216,20210128,2
216,20210129,2
216,20210131,2
217,20210115,2
217,20210122,2
217,20210129,2
217,20210208,1
217,20210215,1
21,20210109,2
220,20210218,2
220,20210220,1
221,20210109,1
222,20210109,2
222,20210110,2
222,20210113,2
224,20210108,1
229,20210112,2
229,20210114,2
229,20210119,2
229,20210121,2
229,20210126,2
229,20210128,2
22,20210109,1
22,20210110,1
22,20210111,2
22,20210112,2
22,20210118,2
22,20210119,2
22,20210125,2
22,20210126,2
230,20210109,1
230,20210111,2
230,20210112,2
230,20210118,2
230,20210119,2
230,20210125,2
230,20210126,2
232,20210114,2
232,20210115,2
232,20210116,2
232,20210121,2
232,20210122,2
232,20210123,2
232,20210128,2
232,20210129,2
232,20210130,2
233,20210113,2
233,20210116,2
233,20210120,2
233,20210123,2
233,20210127,2
233,20210130,2
234,20210209,2
234,20210210,2
234,20210211,2
234,20210213,2
234,20210216,2
234,20210217,2
234,20210218,2
235,20210111,1
235,20210116,2
235,20210130,2
235,20210206,2
236,20210114,2
236,20210121,2
236,20210128,2
238,20210109,2
239,20210109,1
239,20210111,2
239,20210118,2
239,20210125,2
240,20210109,2
240,20210116,2
241,20210209,2
241,20210210,2
242,20210113,2
242,20210120,2
242,20210127,2
244,20210116,2
245,20210109,2
245,20210113,2
246,20210106,1
247,20210115,2
247,20210117,2
247,20210122,2
247,20210124,2
247,20210129,2
247,20210131,2
248,20210109,1
248,20210110,1
248,20210126,2
248,20210202,2
248,20210209,2
24,20210111,2
24,20210114,2
24,20210118,2
24,20210121,2
24,20210125,2
24,20210128,2
250,20210110,2
250,20210111,2
250,20210113,2
250,20210114,2
253,20210117,2
253,20210123,2
253,20210124,2
253,20210130,2
253,20210131,2
254,20210109,2
254,20210110,2
254,20210111,2
254,20210112,2
254,20210113,2
254,20210114,2
257,20210109,2
259,20210218,1
260,20210115,2
260,20210122,2
260,20210129,2
262,20210116,2
262,20210118,2
262,20210123,2
262,20210125,2
262,20210130,2
262,20210201,2
263,20210114,2
263,20210115,2
263,20210117,2
263,20210121,2
263,20210122,2
263,20210124,2
263,20210128,2
263,20210129,2
263,20210131,2
265,20210207,2
265,20210214,2
266,20210211,2
266,20210218,2
26,20210109,2
271,20210108,1
271,20210109,1
274,20210112,2
274,20210113,2
274,20210114,2
274,20210115,2
274,20210116,2
274,20210118,2
274,20210119,2
274,20210120,2
274,20210121,2
274,20210122,2
274,20210123,2
274,20210125,2
274,20210126,2
274,20210127,2
274,20210128,2
274,20210129,2
274,20210130,2
277,20210122,2
277,20210205,2
279,20210108,1
279,20210109,1
281,20210113,2
281,20210120,2
281,20210127,2
282,20210213,2
284,20210109,1
284,20210110,2
288,20210113,2
289,20210108,1
289,20210110,1
28,20210109,2
28,20210110,2
292,20210115,2
292,20210116,2
292,20210118,2
292,20210122,2
292,20210123,2
292,20210125,2
292,20210129,2
292,20210130,2
292,20210201,2
293,20210108,1
296,20210111,2
296,20210113,2
296,20210115,2
296,20210118,2
296,20210120,2
296,20210122,2
296,20210125,2
296,20210127,2
296,20210129,2
298,20210118,2
298,20210124,2
298,20210125,2
298,20210131,2
298,20210201,2
302,20210201,2
302,20210208,2
302,20210215,2
307,20210109,2
307,20210116,2
307,20210123,2
307,20210130,2
308,20210211,2
308,20210213,2
308,20210218,2
309,20210201,2
309,20210208,2
309,20210215,2
32,20210109,2
32,20210110,2
34,20210111,2
35,20210209,1
35,20210210,1
35,20210216,1
35,20210217,1
36,20210115,2
36,20210119,2
36,20210122,2
36,20210126,2
36,20210129,2
36,20210202,2
39,20210108,2
39,20210109,2
40,20210108,1
42,20210108,1
42,20210110,1
48,20210109,1
50,20210109,1
50,20210110,1
51,20210113,2
51,20210114,2
51,20210116,2
51,20210120,2
51,20210121,2
51,20210123,2
51,20210127,2
51,20210128,2
51,20210130,2
52,20210108,2
52,20210109,2
52,20210110,2
53,20210113,2
53,20210120,2
53,20210127,2
53,20210206,2
53,20210213,2
56,20210131,2
57,20210113,2
57,20210120,2
57,20210127,2
57,20210207,1
57,20210214,1
65,20210111,2
65,20210114,2
65,20210115,2
65,20210116,2
65,20210117,2
65,20210118,2
65,20210121,2
65,20210122,2
65,20210123,2
65,20210124,2
65,20210125,2
65,20210128,2
65,20210129,2
65,20210130,2
65,20210131,2
68,20210109,2
68,20210111,2
68,20210112,2
68,20210113,2
68,20210114,2
72,20210109,1
75,20210109,1
75,20210110,1
75,20210111,2
75,20210118,2
75,20210125,2
76,20210109,2
76,20210112,2
76,20210114,2
76,20210116,2
76,20210119,2
76,20210121,2
76,20210123,2
76,20210126,2
76,20210128,2
76,20210130,2
76,20210203,2
76,20210205,2
76,20210207,2
76,20210210,2
76,20210212,2
76,20210214,2
76,20210217,2
76,20210219,2
84,20210111,1
85,20210109,1
85,20210111,1
89,20210220,1
90,20210113,2
90,20210117,2
90,20210120,2
90,20210124,2
90,20210127,2
90,20210131,2
91,20210114,2
91,20210121,2
91,20210128,2
91,20210207,1
91,20210214,1
96,20210110,2
96,20210115,2
96,20210117,2
97,20210129,2
98,20210112,2
98,20210113,2
98,20210114,2
